90
16
5 13 13 13 13 13 13 13 13 13 13 13 13 13 13 8
14 5 13 13 13 13 13 13 13 13 13 13 13 13 13 4
14 14 5 13 1 11 5 8 5 8 5 13 13 13 8 14
14 14 14 12 6 13 7 14 14 14 14 9 8 5 7 14
14 14 14 2 13 13 13 4 14 14 14 9 0 7 5 4
14 14 14 14 5 8 12 10 14 6 7 5 7 12 14 14
14 14 14 6 7 14 2 13 7 9 1 3 11 2 4 14
14 14 14 5 1 7 14 E5 E8 5 3 11 12 14 14 14
14 14 14 14 10 5 7 E6 E3 3 13 8 2 4 14 14
14 14 14 14 5 3 11 9 13 1 8 14 14 10 10 14
14 14 14 14 2 8 5 13 1 7 14 14 6 13 8 14
14 14 14 6 7 14 6 1 3 8 14 6 13 8 14 14
14 6 4 5 13 7 5 3 1 7 14 5 8 14 14 14
2 8 14 6 13 13 3 13 3 11 6 7 6 7 14 14
14 14 6 13 13 13 13 13 13 13 13 13 13 13 7 14
S10 6 13 13 13 13 13 13 13 13 13 13 13 13 13 7
