9  8  15 15 15 15 15 15 15 15 15 15 15 15 15 15
15 14 15 15 15 15 15 15 15 15 15 15 15 15 15 15
15 14 15 15 15 15 15 15 15 15 15 15 15 15 15 15
15 14 15 15 15 15 15 15 15 15 15 15 15 15 15 15
15 6  8  15 15 15 15 15 5  13 8  15 15 15 15 15
15 15 6  1  13 13 8  15 14 15 14 15 15 15 15 15
15 15 15 14 15 15 6  13 7  15 14 15 15 15 15 15
15 15 15 14 15 15 15 15 15 15 14 15 15 15 15 15
15 15 15 14 15 15 15 15 15 15 14 15 15 15 15 15
15 15 15 14 15 15 15 15 15 15 14 15 15 15 15 15
15 15 15 14 15 15 15 15 15 15 14 15 15 15 15 15
15 15 15 14 15 15 15 15 15 15 6  13 13 8  15 15
15 15 15 14 15 15 15 15 15 15 15 15 15 14 15 15
15 15 15 6  13 13 13 8  15 15 15 15 15 6  8  15
15 15 15 15 15 15 15 14 15 15 15 15 15 15 14 15
15 15 15 15 15 15 15 6  13 13 13 13 13 13 3  11
